327.7954     0.3811480402946472
234.3515     0.3811185956001282
329.878     0.7657914757728577
327.7275     0.381108820438385
335.5481     0.3811382055282593
244.5405     0.7669346928596497
326.3226     0.7645798325538635
388.6379     0.3811676800251007
336.9933     0.3811087906360626
212.752     0.38113823533058167
340.8227     1.5353591442108154
246.4297     0.3807850778102875
347.3592     1.1504056453704834
340.1586     0.7658305764198303
235.9914     0.3810597360134125
330.4375     0.7657621502876282
263.1743     0.3811480402946472
442.9234     1.150376319885254
