376.5866     16.15085792541504
264.1967     16.15094757080078
467.7017     16.53586769104004
344.0405     16.535385131835938
359.3178     18.45884895324707
574.465     16.5352840423584
538.5914     16.15117073059082
332.3718     16.53520393371582
535.3837     16.15093231201172
343.292     16.535614013671875
532.2188     15.766117095947266
336.7371     16.150989532470703
538.0302     16.15102195739746
348.1409     16.535802841186523
544.3399     16.536182403564453
359.0893     16.5349063873291
401.7947     17.689178466796875
340.8483     15.766548156738281
