347.1516     17.304763793945312
309.0172     17.3050594329834
351.4276     18.073360443115234
391.0999     15.76659870147705
361.5923     17.304763793945312
392.1747     16.92000961303711
284.3127     15.766399383544922
480.8694     17.689786911010742
305.1536     16.91981315612793
426.2202     17.305130004882812
280.0415     17.689170837402344
459.8637     17.6894474029541
364.9159     16.535581588745117
267.0099     18.073869705200195
357.8795     15.766473770141602
287.4141     16.535301208496094
388.0145     16.1513614654541
277.0903     17.68918800354004
