502.1618     33.84373092651367
420.1598     25.381977081298828
416.3771     27.68988037109375
394.3522     29.228191375732422
312.7029     25.766977310180664
424.6019     30.766443252563477
423.725     28.45942497253418
341.351     28.843353271484375
402.4545     27.305299758911133
367.9451     38.459327697753906
459.9286     75.97723388671875
288.445     37.91093444824219
460.0195     29.164016723632812
443.358     29.997774124145508
376.6256     28.459165573120117
405.215     43.07475280761719
426.2542     32.30543899536133
408.8435     30.766586303710938
