324.0883     31.535690307617188
431.7937     29.998077392578125
570.3035     29.84784507751465
329.6298     29.997705459594727
399.7286     29.848093032836914
378.7533     29.228511810302734
397.2792     29.848085403442383
434.1767     38.07490158081055
305.7805     25.38190460205078
500.4596     29.613033294677734
320.3415     29.228288650512695
398.7906     29.997394561767578
336.3215     29.228364944458008
406.2503     29.997573852539062
393.2742     32.69004440307617
449.5255     30.766742706298828
384.3783     29.228260040283203
312.2656     29.228317260742188
