393.5399     30.382104873657227
454.4685     29.61300277709961
486.6131     29.612852096557617
441.658     30.382293701171875
459.9214     31.151416778564453
439.325     29.99751091003418
334.6936     29.99746322631836
357.043     29.99751091003418
459.773     30.382568359375
485.5638     29.228086471557617
323.1297     30.766708374023438
489.3341     30.38226890563965
415.5085     29.997394561767578
623.3197     29.22838592529297
378.9946     29.997636795043945
475.1783     30.382225036621094
454.4469     30.766605377197266
446.8688     31.536067962646484
