554.2787     33.07482147216797
581.2648     32.68971252441406
403.9692     31.92064094543457
538.438     32.6903076171875
446.2243     33.45907211303711
505.5947     31.920652389526367
376.8641     29.99748420715332
613.6284     31.92068862915039
360.2788     30.38211441040039
615.4828     34.613216400146484
438.3005     31.920541763305664
553.4232     31.536453247070312
414.8256     30.38201904296875
597.1201     33.074371337890625
496.1839     35.76713562011719
352.6532     33.45905685424805
482.0977     34.997764587402344
476.51     33.459266662597656
