553.2337     42.305606842041016
537.2385     42.690303802490234
522.2681     43.07499313354492
500.4975     49.22908401489258
523.3793     76.13552856445312
560.5738     76.36966705322266
688.7117     42.69031524658203
591.3702     43.45954895019531
475.3555     45.3826904296875
562.5311     43.07491683959961
589.6531     41.15181350708008
439.3112     43.179786682128906
545.287     41.53651428222656
545.267     42.305660247802734
636.6194     43.45956039428711
599.0664     42.30575942993164
500.4214     44.22871780395508
422.0832     43.459571838378906
