675.5212     49.61360168457031
513.3607     49.99821853637695
734.4241     50.767459869384766
711.7555     51.13474655151367
536.3852     50.38282775878906
603.4673     52.271018981933594
557.0309     49.99837112426758
681.2566     51.15205764770508
556.2926     49.99821853637695
630.2019     51.13478088378906
634.8231     51.152008056640625
524.3987     51.51346969604492
816.2988     50.38296890258789
398.8752     51.152042388916016
723.9697     50.37705993652344
739.9827     75.7568588256836
500.7498     88.74688720703125
625.8196     53.8444938659668
