577.4873     57.306182861328125
693.7884     60.38323211669922
571.742     58.844749450683594
1078.4627     55.7679557800293
656.9182     58.4597282409668
832.0824     57.69090270996094
1078.4373     58.07554244995117
991.4351     57.08789825439453
761.1192     60.819576263427734
972.5347     54.61399841308594
922.754     61.15226364135742
671.0008     58.58064270019531
971.9026     54.61385726928711
966.763     54.998477935791016
692.127     61.362205505371094
944.3991     59.613975524902344
829.3086     55.383155822753906
806.1681     61.74101257324219
