777.394     60.38319778442383
781.2527     59.22932052612305
777.6563     61.5371208190918
692.2345     59.613983154296875
746.2575     60.38324737548828
812.4208     60.98347473144531
1217.4837     60.22587203979492
913.0798     60.767860412597656
784.4251     62.306365966796875
698.9027     60.98352813720703
856.8814     60.383235931396484
818.5332     59.22938919067383
940.1507     59.998619079589844
923.5257     58.84462356567383
764.945     61.15249252319336
1178.4771     61.1524772644043
732.9451     60.383243560791016
1196.8869     59.22935104370117
