913.9836     66.53720092773438
1159.795     68.0758056640625
1084.0495     68.46044921875
775.4565     66.92192077636719
1003.41     67.691162109375
1412.7212     67.30656433105469
835.297     68.07582092285156
1376.1604     67.691162109375
1094.8157     67.30658721923828
1407.4562     67.42310333251953
981.5714     66.5372543334961
916.4881     67.16302490234375
1102.2557     67.80194854736328
929.3039     67.30650329589844
859.6158     67.30654907226562
917.7856     69.229736328125
967.6854     68.4604263305664
925.6823     68.84504699707031
