1138.6935     72.69136047363281
1197.4614     73.07600402832031
1109.3307     72.69133758544922
1100.7254     73.46060943603516
1164.0444     71.96873474121094
1016.4314     74.29484558105469
1058.0311     73.89615631103516
1536.2027     71.96871185302734
1200.2572     73.16082000732422
2029.1242     72.4255142211914
1243.9143     74.2638168334961
1322.4129     74.9991455078125
918.8584     73.46058654785156
968.7766     72.30671691894531
1429.0953     72.69136810302734
971.3071     72.69133758544922
1046.1512     73.1051254272461
1374.9398     73.07597351074219
