1284.6509     78.78711700439453
1693.964     77.23802185058594
1135.2228     81.53783416748047
1180.385     78.02949523925781
1656.1494     78.40835571289062
1234.3684     79.23004913330078
1362.1764     79.9992904663086
914.7474     78.84541320800781
1320.6998     79.23005676269531
1980.8327     79.99928283691406
1749.6525     76.92228698730469
1166.8911     82.69169616699219
1572.324     80.68113708496094
1234.3545     79.1037826538086
1538.404     80.3839111328125
1208.3893     78.46080017089844
1062.4477     79.6146469116211
1553.6657     78.4607925415039
