425.7148     25.75544548034668
416.5601     25.38163948059082
555.0995     26.535852432250977
259.4509     25.76704216003418
287.35     26.15119171142578
551.524     25.382095336914062
277.3778     25.38190460205078
361.2912     26.92047119140625
552.6057     26.535953521728516
296.7845     27.305221557617188
362.6239     26.151199340820312
349.3277     25.766733169555664
277.1989     26.920120239257812
412.7137     25.76695442199707
249.0457     25.766725540161133
560.5053     26.920501708984375
272.5488     25.766647338867188
459.6051     25.382036209106445
