371.391     25.766618728637695
479.4462     31.536094665527344
418.9519     26.92045021057129
366.7167     25.381999969482422
385.3576     25.766712188720703
496.3957     26.535926818847656
394.8503     27.305139541625977
558.9015     25.76664161682129
329.0727     26.535888671875
376.0794     26.920543670654297
459.0789     24.997360229492188
382.3595     24.99739646911621
442.8752     25.38197135925293
275.6943     26.535898208618164
483.5823     26.53589630126953
297.4112     25.766538619995117
557.3643     25.382043838500977
304.4598     25.766725540161133
