452.1045     41.53635025024414
423.1074     45.382747650146484
429.3235     42.69002151489258
505.1056     43.075218200683594
418.4071     41.15167999267578
325.7772     42.30548095703125
476.5007     40.767189025878906
472.2885     42.305702209472656
420.1334     42.305992126464844
564.0783     42.30559158325195
394.9278     42.69029998779297
397.0619     42.30548858642578
327.3814     41.151771545410156
425.0066     41.15201950073242
434.7812     42.305416107177734
345.566     42.305660247802734
387.9636     41.152130126953125
313.584     41.5363655090332
