513.2109     41.921241760253906
398.1353     49.61368179321289
596.4609     41.151771545410156
456.3911     41.92107009887695
439.1556     41.5365104675293
365.3776     41.92056655883789
478.8328     41.9211311340332
467.067     41.92106628417969
367.3462     41.53638458251953
499.1652     42.30567169189453
481.5162     43.07524871826172
376.3828     43.844207763671875
579.9248     43.07488250732422
377.4516     42.690277099609375
381.1485     42.69009780883789
528.9339     41.15191650390625
428.3748     42.306739807128906
341.89     41.15084457397461
