428.6407     56.152549743652344
588.9563     64.2294921875
516.2485     56.53679656982422
382.1429     54.99850845336914
509.3456     55.3831672668457
396.3747     55.767696380615234
721.7825     56.15202331542969
455.5369     56.53729248046875
510.4949     54.2288818359375
519.9545     54.99842834472656
600.8158     55.767906188964844
521.6486     55.7676887512207
439.839     55.3828010559082
373.234     54.99847412109375
648.7308     55.76765441894531
386.0255     54.99864959716797
670.6172     54.99842834472656
399.9684     55.767696380615234
