573.4799     42.30554962158203
397.7314     26.920543670654297
441.4674     41.536502838134766
398.6684     58.46006774902344
399.2224     43.07485580444336
390.1115     29.997636795043945
389.065     29.61293601989746
391.1666     29.22820472717285
373.6045     42.690303802490234
295.8513     29.228483200073242
486.3248     29.61292839050293
391.18     30.38201904296875
394.1467     28.84355926513672
397.0288     30.382280349731445
492.9816     29.228357315063477
406.0902     29.99740219116211
369.5924     29.612998962402344
434.898     30.766756057739258
