420.8101     29.228302001953125
314.2333     35.76707077026367
490.2306     30.38240623474121
394.1058     29.997173309326172
394.4289     29.61298942565918
446.4742     28.84376335144043
498.3889     30.766660690307617
378.8689     29.613147735595703
592.1089     30.38219451904297
330.6971     30.766626358032227
520.1608     28.843605041503906
405.8082     30.38236427307129
515.7692     29.997539520263672
420.5756     35.766841888427734
568.8174     30.38241958618164
465.3388     33.074405670166016
408.8234     35.60376739501953
473.7072     37.30548858642578
