555.3075     32.690101623535156
541.9573     36.920780181884766
529.9261     32.30547332763672
473.989     32.68979263305664
511.4529     30.382177352905273
372.1436     31.151355743408203
510.487     34.61311340332031
485.6865     34.61323928833008
373.0434     32.305267333984375
459.9899     32.69029998779297
493.3144     33.84346389770508
375.4634     33.843814849853516
526.5162     33.844181060791016
363.7984     34.99751663208008
641.8015     34.99794006347656
514.4915     32.68987274169922
372.2606     35.38224411010742
502.505     35.76705551147461
