546.4396     46.151798248291016
557.2581     48.07509994506836
531.2733     41.15187454223633
521.8565     41.536376953125
483.3232     40.76719665527344
587.9534     40.76717758178711
590.9895     41.151737213134766
419.5378     41.15175247192383
407.2183     40.76726531982422
572.9567     41.53632736206055
480.3481     40.38262176513672
509.6989     41.151702880859375
563.6588     41.15184783935547
433.9262     44.61349105834961
562.1603     72.69136810302734
380.6852     77.9527359008789
708.3723     43.459590911865234
517.0547     41.921024322509766
