828.7332     51.15208435058594
729.4154     53.075286865234375
942.5757     50.76752853393555
842.7774     51.15221405029297
678.5115     50.767547607421875
733.9792     51.15207290649414
909.7811     49.229000091552734
757.8473     49.998199462890625
1057.2927     51.536800384521484
896.5557     48.84431076049805
604.4688     51.15225601196289
965.1341     50.76740646362305
987.3974     53.45989227294922
696.0993     51.53683853149414
728.9385     50.76750183105469
632.0551     52.3060188293457
627.7876     51.15208435058594
652.0775     49.61362838745117
