657.378     63.4315071105957
699.9464     58.84476089477539
532.5665     59.613929748535156
687.4905     58.844722747802734
670.6533     58.46009826660156
718.1358     55.767723083496094
725.9414     55.68022918701172
812.2747     61.192665100097656
1418.0622     55.767845153808594
822.432     59.229209899902344
966.843     59.61395263671875
983.3548     56.921630859375
691.9354     56.53693771362305
812.4514     59.46824264526367
714.5049     58.07546615600586
1082.8168     55.76777267456055
656.2856     58.331790924072266
911.8927     59.2293701171875
