0.38115786     328.83670002 
 16.53505516     367.95220000 
 17.30476379     354.65355003 
 29.61298275     412.61030000 
 29.84808922     395.27670002 
 30.18987083     450.65785003 
 32.69001007     489.14080000 
 43.12738991     545.27699995 
 51.13476372     628.01075006 
 58.26763535     830.69550002 
 60.38323975     798.42295003 
 67.55713272     974.62839997 
 73.07598877     1151.36894989 
 79.16691589     1302.67534995 
 25.76699829     361.95754999 
 25.76671886     390.10395002 
 42.30548477     421.62040001 
 41.92118645     447.77335000 
 55.76767159     509.92025000 
 29.99751949     397.38010001 
 30.38238525     433.64214998 
 33.84363937     497.90969998 
 41.34410095     526.56490004 
 51.15207863     745.91324997 
 58.65241051     722.03859997 
 60.76781273     881.26674998 
 68.07582855     1019.81274998 
 72.93453979     1054.04769993 
 79.00568008     1332.25550008 
 0.76640701     330.96754998 
 