963.5392     58.84473419189453
949.2653     66.53732299804688
968.9606     60.76780700683594
673.1945     59.99859619140625
835.6967     61.53711700439453
704.4696     61.9217529296875
840.4023     60.38328170776367
624.6689     59.99855041503906
799.2126     61.921783447265625
827.2137     58.84470748901367
670.8095     61.741058349609375
1270.7375     61.7410888671875
1041.1934     59.61400604248047
983.2228     61.15255355834961
1064.3806     59.61389923095703
915.5884     59.998619079589844
1370.9933     60.767818450927734
846.9451     61.152530670166016
