906.24     67.42308044433594
1365.0355     73.86273956298828
940.2491     68.07583618164062
1119.4686     84.61483001708984
906.9614     69.99897003173828
914.7105     68.84505462646484
783.2194     66.92191314697266
991.0095     66.1527099609375
1309.2526     68.46040344238281
1033.6734     68.0757827758789
1259.8923     67.69120025634766
855.4826     68.84506225585938
1546.7831     69.61431884765625
1186.4064     67.6911849975586
1252.9618     68.46041870117188
857.8849     66.53730773925781
1187.2323     68.07582092285156
1005.9521     67.6911849975586
