968.7837     73.075927734375
1281.2689     79.54472351074219
1072.0011     72.38709259033203
906.1434     72.3871078491211
689.9312     73.13341522216797
1096.7309     74.2637939453125
1031.0957     73.07601165771484
829.8336     74.61444854736328
1000.0349     71.92211151123047
1133.3037     72.34751892089844
1173.2158     72.79315185546875
906.3274     73.46062469482422
1118.6465     73.46060943603516
1820.2662     72.69135284423828
1118.9224     72.69139099121094
932.7627     71.58988189697266
1244.9074     72.72632598876953
1036.0943     75.38374328613281
