1337.8706     76.15299224853516
1038.5675     83.332763671875
1274.7521     78.0295181274414
980.2902     78.84542846679688
1326.6404     80.22318267822266
1257.8231     77.20508575439453
1580.9827     80.07177734375
984.9386     80.30232238769531
1663.7465     77.69158935546875
1172.0173     80.22317504882812
1696.2188     79.54470825195312
1846.5599     78.73065185546875
1610.5687     79.85001373291016
1744.1319     78.73057556152344
1631.0222     78.40833282470703
1156.2386     81.1531982421875
1705.4496     78.07615661621094
972.6403     79.16593170166016
