333.2077     0.3811872601509094
327.9954     0.38113823533058167
556.034     0.3811284005641937
245.9983     0.3811480402946472
328.7274     1.919643759727478
535.2878     0.38113823533058167
215.8449     0.7658402919769287
342.4514     1.1503081321716309
539.8159     1.9196631908416748
233.8833     0.7669737339019775
336.8351     0.764550507068634
310.5228     1.150386095046997
251.4921     0.7657719254493713
437.549     1.1503862142562866
265.0951     1.1508046388626099
333.2121     1.1499871015548706
261.4786     1.5350100994110107
528.4739     0.7657719254493713
