333.5702     1.5354173183441162
385.9683     0.3805987536907196
533.0087     0.7657621502876282
330.6555     1.150386095046997
532.2587     11.53538703918457
233.2642     1.5350100994110107
333.4666     0.38123634457588196
375.9688     0.7656644582748413
325.7052     1.9196630716323853
231.4371     0.3811284303665161
326.6318     0.3807164132595062
339.2426     1.9211214780807495
329.934     0.7646872997283936
373.6075     0.7657621502876282
331.6968     0.3811284005641937
351.8363     0.7657719254493713
327.053     0.38138347864151
318.5194     0.38088318705558777
