412.6904     29.99746322631836
431.4619     36.5362434387207
431.7069     28.843868255615234
439.6417     29.99753189086914
400.3892     29.613134384155273
485.5381     30.381877899169922
365.0748     39.6132698059082
450.5696     29.22840690612793
363.2102     30.382083892822266
512.9847     29.9975528717041
322.5422     29.997650146484375
855.9343     29.997547149658203
433.8409     29.22813606262207
539.5164     36.536399841308594
409.6184     34.99769973754883
380.6068     51.53675842285156
472.6764     31.15169906616211
433.4277     31.151166915893555
