333.1303     0.7654983401298523
397.9413     4.996927261352539
284.2442     0.3811284005641937
436.2811     0.38113823533058167
331.542     0.3811382055282593
232.4051     0
337.479     0.3812068998813629
325.8063     0.381069540977478
339.5139     1.5350197553634644
371.8135     0.3823643624782562
325.0825     0.764550507068634
380.7422     1.150386095046997
337.8985     0.7658793926239014
348.2524     0.765644907951355
445.7115     0.7662702202796936
337.3018     0.7649706602096558
343.352     1.1503278017044067
315.7611     11.15108585357666
