506.5752     37.305755615234375
565.4114     39.997901916503906
421.7724     51.15199279785156
552.1126     35.38249588012695
352.5493     32.689659118652344
531.4421     32.69011306762695
528.5527     33.074466705322266
387.5905     30.76682472229004
592.2786     31.536094665527344
414.1996     32.68994903564453
622.4133     33.07456588745117
393.9647     32.305294036865234
497.7046     35.76730728149414
505.6462     37.3053092956543
433.021     37.690185546875
499.3336     37.30550765991211
399.6507     39.228782653808594
363.034     39.22859191894531
