347.2245     1.9205516576766968
381.9568     1.1498117446899414
356.6675     0.38072627782821655
329.2234     0.3814324736595154
380.756     0.7657817006111145
331.2276     0.7657425999641418
243.6606     1.15048348903656
331.3888     0.38104012608528137
223.4466     0.3811480402946472
326.3271     1.5350197553634644
311.4783     2.3042871952056885
323.4937     0.765752375125885
371.2429     0.3811284005641937
325.3615     0.38113823533058167
304.0421     0.7657621502876282
329.2037     0.38114801049232483
384.1914     2.3037772178649902
237.0891     0.7662604451179504
