464.7654     16.535457611083984
269.3744     19.99774742126465
397.8885     18.458391189575195
343.7776     16.53554916381836
256.6505     16.535375595092773
348.6603     16.535459518432617
276.246     16.535539627075195
338.8487     16.53554916381836
253.4391     16.150848388671875
335.801     16.150840759277344
315.7205     16.53558921813965
275.161     16.15093231201172
503.091     16.152095794677734
274.2103     16.534719467163086
413.1896     16.535539627075195
347.126     16.92017364501953
363.215     16.535186767578125
270.1751     16.920082092285156
