451.7607     40.382476806640625
413.061     57.30631637573242
694.9011     85.83868408203125
390.4519     51.706764221191406
556.8186     41.536476135253906
484.5056     41.92103958129883
495.6162     41.92111587524414
572.2214     40.7671012878418
636.3785     41.15186309814453
454.0477     41.536319732666016
561.5013     41.15172576904297
391.9951     41.5364875793457
539.371     42.690338134765625
395.6329     44.613426208496094
638.0881     41.15179443359375
358.6616     41.15180587768555
568.5148     40.76717758178711
545.291     40.7672119140625
