347.7091     0.7656253576278687
274.5161     6.150381088256836
395.1204     0
333.3309     0.3811284005641937
314.7095     0.38234472274780273
343.81     1.533827304840088
323.1839     0.380794882774353
334.5477     0.3814815580844879
255.4774     0.7657621502876282
343.785     0.3814913332462311
253.7799     0.3807949423789978
336.7947     0.3811087906360626
390.9481     0.7657719254493713
332.6156     0.38119709491729736
351.7815     1.9195858240127563
267.395     0.3812265396118164
536.3356     0.38104012608528137
334.9006     0.38113823533058167
