332.3272     17.304805755615234
552.2249     20.381649017333984
345.8878     17.30524444580078
301.4152     16.53554916381836
331.3043     17.68927574157715
306.545     17.30462646484375
373.6049     16.920345306396484
264.7155     17.304529190063477
341.5514     17.689552307128906
379.3641     16.92013168334961
292.9323     17.689455032348633
564.7781     16.920263290405273
316.0417     16.150808334350586
390.2363     16.9205322265625
365.38     16.920303344726562
377.9458     16.53540802001953
296.9752     18.073612213134766
393.853     16.535842895507812
