522.483     49.99818801879883
708.7676     54.613861083984375
782.1927     50.76744842529297
818.5879     48.844356536865234
508.2741     51.92140579223633
1053.469     50.38288116455078
668.725     49.61369323730469
860.4907     53.07527542114258
974.7425     49.61355972290039
703.392     51.53682327270508
518.7194     51.152137756347656
651.9939     49.99821472167969
717.6429     51.92140197753906
609.6134     70.38371276855469
781.3642     89.31965637207031
435.4454     57.94598388671875
617.8349     47.30592346191406
667.2339     52.30600357055664
