353.2681     16.92041778564453
418.419     19.61250877380371
250.8268     16.151113510131836
453.9196     16.92017364501953
271.396     16.92017364501953
568.8074     16.535547256469727
275.3267     16.535171508789062
301.0926     16.150848388671875
355.1203     16.150897979736328
370.8852     16.15101432800293
354.868     16.150915145874023
544.595     16.150915145874023
279.5604     16.920188903808594
342.0946     16.151269912719727
338.7486     16.535539627075195
340.3717     16.53535270690918
341.2605     16.535736083984375
337.892     17.304561614990234
