509.8076     26.535694122314453
438.8905     33.074893951416016
415.8783     26.920839309692383
449.228     31.53542709350586
661.1418     28.074626922607422
403.0656     28.785179138183594
626.8808     30.382410049438477
713.0095     27.689929962158203
435.8221     32.30504608154297
654.1201     27.305471420288086
658.3568     30.766510009765625
328.1297     29.613265991210938
416.6973     29.163785934448242
419.1417     31.536270141601562
422.0228     27.305025100708008
372.9701     28.458953857421875
447.0518     27.689836502075195
295.9047     28.40652084350586
