665.0415     61.152427673339844
685.1336     60.60469055175781
698.9687     56.15236282348633
777.9903     59.613922119140625
698.9844     60.383277893066406
601.8121     56.15254211425781
730.0261     57.6905632019043
755.1715     61.02805709838867
696.3595     53.460044860839844
763.1496     64.0137939453125
849.2891     58.84479522705078
723.2242     55.38303756713867
761.1988     62.11982345581055
562.4566     58.84474563598633
796.0558     54.998416900634766
696.7689     60.98346710205078
709.419     58.710723876953125
777.4114     55.38311004638672
