353.9163     16.919944763183594
370.1063     21.92049789428711
347.5241     16.920188903808594
348.6442     17.30442237854004
343.0296     16.92040252685547
343.0147     16.150798797607422
338.8335     16.535367965698242
373.9858     16.151121139526367
413.2706     16.919952392578125
347.9822     16.535991668701172
439.3614     16.535837173461914
348.7347     16.919509887695312
339.3216     16.151304244995117
359.4484     16.92017364501953
342.8231     16.535078048706055
350.4048     16.920263290405273
281.7313     16.15093994140625
369.3752     16.5356388092041
