387.8593     30.382246017456055
322.9872     32.6897087097168
405.0859     31.15168571472168
410.5751     26.15118408203125
395.1203     27.689716339111328
306.1027     30.76719856262207
386.9106     36.15129852294922
439.9258     26.15117073059082
312.1292     29.997650146484375
555.0081     30.382091522216797
332.438     31.920625686645508
571.2558     29.997560501098633
356.157     29.997621536254883
543.1006     29.61286735534668
430.1139     29.997718811035156
306.0573     29.22833824157715
402.8363     29.997346878051758
336.9694     28.843751907348633
