586.7214     59.998626708984375
769.9358     65.38339233398438
854.7181     61.9217414855957
780.9879     59.61396026611328
827.9212     59.998592376708984
797.8713     59.61399459838867
791.9632     58.07548904418945
916.6237     59.998573303222656
716.106     59.22937774658203
853.5042     60.3831901550293
471.5277     61.15249252319336
586.2789     58.84470748901367
751.1191     59.61403274536133
835.657     61.92169952392578
677.6714     57.69087600708008
787.0943     60.38322448730469
647.0827     60.76781463623047
959.2974     60.22591781616211
