464.9928     31.058433532714844
367.2868     31.92074203491211
338.1199     33.074214935302734
431.426     29.61330795288086
445.4881     30.766462326049805
328.9128     29.613136291503906
479.1129     29.163955688476562
311.7602     30.76715850830078
549.4808     27.30605125427246
359.4532     33.45820999145508
416.5897     27.30538558959961
396.5226     31.920330047607422
440.8396     31.9209041595459
430.6271     28.07419776916504
292.3037     31.920917510986328
421.5611     26.920673370361328
589.3401     29.227954864501953
381.7743     29.228364944458008
