493.1842     31.151369094848633
419.6979     34.228355407714844
470.6496     29.228378295898438
405.4145     30.38229751586914
451.4501     29.6127872467041
502.1353     31.536230087280273
426.5209     29.22842788696289
492.9708     30.38184356689453
461.7337     29.612960815429688
404.4606     29.613012313842773
314.0157     30.76699447631836
445.3369     29.997407913208008
460.9362     30.766620635986328
338.1273     29.22837257385254
518.7351     28.843717575073242
367.6454     30.382427215576172
613.9618     29.997352600097656
584.7017     31.536169052124023
