862.9495     70.38353729248047
1021.8269     74.9991226196289
1115.6907     68.07579803466797
1024.3046     68.8450698852539
787.9337     68.8450698852539
994.3568     68.93829345703125
1007.4593     67.0443115234375
899.8697     67.3065414428711
1040.6089     66.53730010986328
847.0749     69.99894714355469
906.2546     69.61432647705078
795.723     68.46047973632812
767.4106     69.9989242553711
915.0396     67.691162109375
887.5481     67.30655670166016
694.9643     67.30654907226562
1033.2989     69.22970581054688
775.8315     69.6143798828125
