416.7873     27.305471420288086
565.9625     35.381988525390625
444.1323     27.3055477142334
431.6794     34.61275100708008
407.9288     29.997760772705078
347.0641     29.47494888305664
318.1177     29.997766494750977
386.4843     33.2064094543457
425.4897     30.30076026916504
324.4575     29.228296279907227
518.1135     30.382110595703125
315.1309     30.382183074951172
626.6222     29.613012313842773
406.1002     29.61296844482422
432.4007     30.382139205932617
379.834     30.38201332092285
392.9491     30.38236427307129
401.9036     29.99749183654785
