443.1926     39.38848114013672
548.937     40.76727294921875
495.6158     35.767147064208984
503.5816     35.766700744628906
539.6646     34.22855758666992
474.6194     34.22831726074219
510.2166     33.84395217895508
510.219     35.38233947753906
557.7827     36.56485366821289
476.652     38.803855895996094
488.5982     35.98261260986328
514.1415     38.843994140625
485.917     39.22864532470703
398.338     39.39183044433594
425.7088     52.3060302734375
451.8358     32.68996810913086
591.6915     31.920913696289062
384.458     32.305259704589844
