1211.6238     72.69133758544922
814.4916     78.46080017089844
1205.4947     72.30672454833984
756.9192     73.07595825195312
818.7601     73.1051254272461
1024.0841     73.46065521240234
765.253     72.69129943847656
1030.9475     71.92210388183594
1157.8182     72.72632598876953
1245.467     73.48391723632812
1035.9311     72.69135284423828
1248.1719     72.69139099121094
1116.5788     72.6913070678711
1061.1078     71.92208862304688
1153.5876     72.726318359375
815.386     73.46060180664062
1051.6019     72.69136047363281
715.1625     73.46060943603516
