454.197     29.612957000732422
434.972     33.843841552734375
492.1048     29.997650146484375
352.2971     29.228239059448242
479.3792     29.613065719604492
481.1598     29.612977981567383
425.9966     30.38194465637207
333.2955     29.61294937133789
436.7873     29.612939834594727
523.3823     29.612991333007812
371.6299     30.38208770751953
535.4053     30.766817092895508
363.1042     28.843769073486328
553.8408     30.766639709472656
375.1046     29.997621536254883
602.3459     30.382272720336914
461.4322     31.151594161987305
317.5914     29.612794876098633
