564.068     40.76628494262695
382.5434     44.998069763183594
592.2276     41.5364875793457
519.5802     40.767173767089844
410.5066     41.53641891479492
637.409     40.767147064208984
754.5406     41.151790618896484
520.6947     41.15174102783203
818.2023     41.151771545410156
727.7674     41.15179443359375
547.3099     53.02866744995117
880.3866     83.39134216308594
768.6441     58.93211364746094
592.6586     42.69020462036133
770.9295     40.767154693603516
542.2468     41.92107009887695
542.8599     41.15191650390625
530.4731     41.151737213134766
