1187.5043     78.73057556152344
1030.5267     81.92245483398438
1187.4944     79.61466979980469
1171.8526     85.76873016357422
1281.2029     90.35679626464844
1102.2097     79.23006439208984
1204.0237     79.9992904663086
1331.8799     76.53764343261719
1184.9371     79.61467742919922
1706.0044     77.30690002441406
895.2197     79.23002624511719
1250.3096     79.16593170166016
890.6212     78.78716278076172
874.9743     79.54471588134766
1187.5992     78.78714752197266
974.0195     76.53765106201172
1289.2548     78.78712463378906
1124.9031     78.7305908203125
