576.611     31.92106819152832
511.8851     40.38227844238281
687.9448     34.61301040649414
552.5924     36.53626251220703
545.9847     35.22501754760742
484.4787     35.38234329223633
640.3604     38.84400939941406
495.3522     36.151615142822266
697.7357     35.98262023925781
633.2218     36.53622055053711
480.955     38.07478332519531
621.8233     43.180023193359375
434.5251     33.459049224853516
490.8569     32.30540084838867
471.8749     35.382286071777344
525.9931     35.38240051269531
393.0589     34.22843551635742
525.1144     33.07463073730469
