963.7947     49.99832534790039
606.4577     52.306007385253906
597.777     53.459835052490234
426.1695     48.84440994262695
569.2353     49.229095458984375
533.8335     53.45978927612305
635.4352     49.228965759277344
614.9124     49.99831008911133
530.7657     53.84452819824219
662.3455     48.07509994506836
617.3382     50.75596237182617
615.784     53.45988082885742
439.5936     48.45964050292969
687.4084     50.75601577758789
507.6136     52.30592346191406
713.8567     49.240596771240234
637.6263     50.382911682128906
557.2573     52.305992126464844
