321.6234     0.3810204863548279
327.7389     1.1503958702087402
537.8928     0.3811284005641937
332.1011     1.5362026691436768
530.5567     0.7645993828773499
245.3776     0.7657425999641418
325.6159     0.38121670484542847
249.4596     1.1503081321716309
371.199     2.3046140670776367
228.4175     0.7654299139976501
527.9294     0.7657621502876282
228.3001     1.9196535348892212
335.8705     0.7657621502876282
305.4241     0.3811382055282593
231.8196     0.3811284303665161
436.0325     0.3811578154563904
242.3836     0.38111862540245056
537.0304     0.7657621502876282
