586.724     41.151737213134766
369.0681     45.382572174072266
712.9125     41.536434173583984
550.72     40.767154693603516
472.0506     41.53645324707031
483.981     40.38258361816406
500.0447     56.53683090209961
443.8081     42.30573272705078
591.8484     41.921058654785156
462.2972     41.15178298950195
517.6473     42.69031524658203
508.3479     41.921043395996094
542.2582     41.92112731933594
568.6907     41.151710510253906
495.8337     41.536441802978516
500.3186     40.38250732421875
778.2157     41.536502838134766
638.8423     41.151710510253906
