758.9948     56.921531677246094
461.7848     63.46028137207031
728.6565     56.816680908203125
713.5123     58.8447380065918
667.2328     59.22929382324219
838.638     58.07544708251953
1201.3857     56.152366638183594
683.0847     61.362247467041016
575.3138     59.22934341430664
830.2924     55.595458984375
771.3221     60.66042709350586
912.0697     56.152381896972656
544.6131     57.46109390258789
712.6089     59.32695770263672
656.4953     53.84463119506836
745.8212     57.69074630737305
544.3952     58.84470748901367
741.5158     59.99861526489258
