248.1295     0.765918493270874
346.9391     5.381308078765869
347.6005     1.1504055261611938
344.6903     0.7657425999641418
341.8564     1.1504056453704834
538.6705     1.150386095046997
327.9444     9.227551460266113
538.6626     5.765988349914551
597.745     0.7657621502876282
278.6183     0
594.5662     0.7658402919769287
543.52     1.5346901416778564
336.1828     0
533.2286     1.5350197553634644
262.6724     0.7657621502876282
340.5058     0.3810303211212158
262.757     1.150142788887024
325.9489     0.7671594023704529
