650.754     50.767662048339844
499.841     55.76753616333008
694.8352     49.99826431274414
593.7743     50.382991790771484
619.9665     51.921302795410156
560.4457     49.619422912597656
505.7518     50.38295364379883
566.5843     51.92134475708008
415.3463     49.24062728881836
505.0168     49.9984130859375
619.7513     52.69055938720703
665.2416     48.844390869140625
470.401     51.51354217529297
795.385     52.69050216674805
539.993     48.844356536865234
750.6812     50.75599670410156
531.9281     51.92127227783203
851.6387     49.61945343017578
