939.6189     59.22931671142578
684.3461     66.92195129394531
733.1812     59.61397933959961
843.7099     59.22930145263672
572.313     59.998626708984375
623.466     60.383235931396484
890.7984     59.61402893066406
490.2375     58.844669342041016
730.3524     61.537132263183594
749.2921     61.152488708496094
1006.3861     59.61393356323242
1281.4248     58.84476852416992
905.3634     61.152442932128906
734.6402     58.844783782958984
1022.4496     59.61394119262695
819.3768     60.60465621948242
781.3987     59.22933578491211
822.793     60.38326644897461
