344.1611     18.074031829833984
354.82     19.997400283813477
271.6322     17.3043155670166
460.4915     16.151071548461914
265.0471     16.535491943359375
388.9236     16.53553009033203
338.1245     17.304807662963867
289.3072     16.535646438598633
261.6145     16.535869598388672
333.0929     16.920116424560547
369.0488     16.92017364501953
332.7721     18.07381248474121
254.7381     16.920427322387695
338.729     17.304349899291992
343.1639     17.68952751159668
265.7258     16.92033576965332
357.2498     16.15086555480957
348.6623     16.535423278808594
