686.8249     55.383113861083984
1066.9398     66.53720092773438
929.6817     59.229393005371094
698.3153     54.998565673828125
1025.8651     60.22571563720703
924.2248     60.22590637207031
653.9324     54.6140251159668
877.4916     60.9832763671875
964.3484     59.99861145019531
687.34     55.968597412109375
902.6122     61.76341247558594
678.5134     53.46001434326172
903.7473     62.49858093261719
793.3137     55.88079071044922
723.6826     61.938995361328125
632.0604     56.248451232910156
596.6002     61.1927375793457
697.8329     56.98371505737305
