925.0836     67.80184936523438
1273.195     72.69136810302734
898.3298     66.92192077636719
1373.3996     66.66548156738281
1012.0567     67.80191802978516
1326.7226     67.30654907226562
918.5065     66.15271759033203
1472.145     66.921875
669.6231     65.7680435180664
869.7231     67.69117736816406
743.8897     67.30654907226562
884.1077     68.4604263305664
657.912     69.3171157836914
1134.536     66.15267181396484
827.0385     68.4604721069336
906.34     67.69114685058594
704.4643     67.69116973876953
897.0738     67.69119262695312
