419.9753     16.535335540771484
289.7836     20.766664505004883
388.4246     18.073772430419922
272.829     16.535375595092773
469.2529     16.151121139526367
345.6034     16.92017364501953
285.8734     17.304601669311523
355.5912     16.53574562072754
355.5552     16.920082092285156
354.5257     26.151432037353516
376.1551     17.689592361450195
370.9611     16.5352840423584
348.0909     17.690135955810547
368.3574     17.688983917236328
370.1331     16.919723510742188
362.4159     16.5356388092041
310.2329     16.53574562072754
286.3097     17.30461883544922
