885.6574     60.76789474487305
796.6996     66.53727722167969
858.4258     59.22933578491211
572.2386     58.46012496948242
774.9516     60.819480895996094
734.4975     60.767860412597656
673.113     61.15251541137695
922.023     59.6140022277832
478.6126     59.22929382324219
985.5217     61.741085052490234
658.4958     59.22939682006836
875.2809     58.46006774902344
665.5328     59.8470573425293
798.1896     60.60468673706055
791.5323     58.075477600097656
943.5645     62.30634689331055
803.8075     60.76787185668945
1201.1308     59.614017486572266
