1171.5333     72.34748077392578
724.6644     79.99931335449219
890.7328     73.84523010253906
957.0624     72.69136047363281
840.0528     72.30672454833984
1120.9847     72.69135284423828
863.5944     74.22987365722656
841.3437     73.07605743408203
737.6493     71.92202758789062
1173.5584     73.07598114013672
782.3518     73.46060180664062
1162.1121     71.53746032714844
924.6738     73.48392486572266
1078.129     73.07599639892578
1028.5027     72.30671691894531
791.0134     73.07600402832031
1316.497     72.69132995605469
898.4741     72.30672454833984
