462.3278     28.459171295166016
331.2623     33.45920944213867
543.6014     28.45888328552246
291.194     26.920652389526367
565.2412     28.074512481689453
441.1615     26.535707473754883
378.5382     24.61285400390625
398.9086     27.30498504638672
419.4653     24.612682342529297
403.1427     27.689773559570312
285.0233     30.76703643798828
430.5829     27.68960952758789
346.9553     30.766830444335938
350.6048     27.305139541625977
437.6616     29.61283302307129
437.7365     29.613210678100586
314.5341     29.163930892944336
496.914     30.38254737854004
