946.2355     68.65557861328125
850.6753     92.91022491455078
1104.833     98.52449798583984
855.0894     77.9562759399414
1176.9331     67.30654907226562
886.0286     67.30654907226562
871.3371     68.93831634521484
840.5602     66.15267944335938
890.3531     66.92194366455078
761.8535     67.3065185546875
850.6856     67.69117736816406
874.5131     66.15267181396484
803.4056     65.76802825927734
1062.6179     65.76805877685547
642.3218     66.92191314697266
822.1079     67.69117736816406
939.7371     66.92193603515625
734.5935     66.92196655273438
