1140.5574     80.3839111328125
1125.9782     82.30707550048828
1724.4223     78.73059844970703
1179.9974     78.076171875
1587.0198     79.23004150390625
1299.3577     78.84541320800781
1581.0519     78.84540557861328
1476.1339     92.91020202636719
1026.919     82.2457504272461
1307.8249     79.99930572509766
956.4487     78.46076965332031
1172.6344     78.076171875
1216.7432     79.61466979980469
1093.75     77.27194213867188
1117.655     78.3574447631836
1015.6052     78.40834045410156
1471.6818     78.029541015625
1109.324     78.40831756591797
