453.1643     33.07423400878906
301.6408     32.30587387084961
432.1632     31.15086555480957
304.4718     29.61322784423828
444.4172     27.305282592773438
447.3084     32.08698272705078
469.8616     29.47494888305664
360.9664     35.38272476196289
441.7788     26.53554916381836
393.3401     29.613101959228516
683.7715     30.38199234008789
404.2959     29.228267669677734
595.7497     29.99751853942871
400.2769     29.613004684448242
375.6161     29.997650146484375
433.6475     29.22818374633789
409.5542     29.22841453552246
419.7293     30.382232666015625
