375.2786     0.3813638389110565
342.2651     0.3810499310493469
531.4979     1.1503958702087402
333.3739     0.3811284005641937
525.0769     0.7657914757728577
221.5187     0.381108820438385
344.605     0.3811382055282593
528.0856     1.1515930891036987
247.1858     0.7645700573921204
319.6237     0.3811185956001282
305.9896     0.3811480402946472
324.9145     0.3811185956001282
375.6122     0.7661236524581909
248.8995     0.38078510761260986
381.559     0.7657621502876282
248.9915     0.7657621502876282
310.3322     0.7657621502876282
330.342     1.150386095046997
