882.3098     72.69134521484375
948.1063     78.07617950439453
1104.4073     73.46061706542969
857.3561     73.07597351074219
833.0194     72.69136047363281
1051.8328     71.92208862304688
787.5217     95.07559204101562
942.4541     98.45716094970703
1094.1436     87.42073822021484
920.2533     72.30672454833984
722.888     72.726318359375
900.7818     73.07600402832031
1070.341     72.34754180908203
704.8123     73.46057891845703
922.362     73.84529113769531
804.2256     72.30670166015625
1058.5385     71.92205810546875
705.5576     71.9220962524414
