403.899     29.22817611694336
458.2881     34.228641510009766
377.0406     29.99748420715332
460.3315     32.305294036865234
361.7453     29.613019943237305
319.5486     31.92045783996582
375.0886     29.99793243408203
453.2867     30.679033279418945
301.5167     31.15180778503418
586.515     27.305185317993164
329.8931     36.151248931884766
445.7267     28.07463836669922
368.0447     31.151201248168945
552.5339     30.3825740814209
418.5319     29.542606353759766
469.134     30.382427215576172
447.2462     27.689929962158203
476.2534     33.07423400878906
