407.5102     0.7657132744789124
268.8317     5.765932559967041
397.5518     6.91982364654541
337.7495     0.7657621502876282
390.8995     1.150386095046997
329.908     2.6889302730560303
373.4296     1.150376319885254
330.4652     0.7657719254493713
241.1556     0.765752375125885
328.8285     0.38113823533058167
256.3976     0.3817071318626404
334.6112     0.380559504032135
344.4908     0.3811382055282593
241.3088     0.7658305764198303
385.6607     0.7657230496406555
237.6093     0.381108820438385
387.4034     0.3811284005641937
282.5472     0.3811480402946472
