1300.0986     79.9992904663086
1259.9261     82.30706024169922
1172.0264     79.04339599609375
1247.4842     78.84539794921875
1227.1417     78.46080017089844
906.3062     79.23003387451172
1109.326     77.69153594970703
1218.5134     78.73060607910156
1256.2834     79.16593170166016
892.9227     76.92227935791016
1362.7636     79.1037368774414
1053.2544     80.3023452758789
1277.0012     76.53764343261719
776.9189     78.73059844970703
1006.2781     79.92353820800781
1046.7439     77.69153594970703
946.4519     79.103759765625
1325.0082     78.84539794921875
