708.5525     32.30539321899414
389.9787     36.9209098815918
522.671     68.07584381103516
695.1794     62.14340591430664
519.8524     31.535966873168945
507.8622     32.305240631103516
479.1808     33.07452392578125
485.4223     33.074642181396484
522.8774     33.8438606262207
521.3704     31.536224365234375
369.6409     34.22840118408203
600.608     37.69003677368164
382.9067     37.69026565551758
543.7785     38.459381103515625
560.9706     35.766849517822266
468.8586     36.536380767822266
539.0476     35.766849517822266
498.0403     37.690155029296875
