263.2992     17.421255111694336
361.093     19.997116088867188
272.1325     16.535785675048828
351.3314     17.30466079711914
368.7638     16.151039123535156
276.5484     16.151155471801758
340.4765     16.535547256469727
345.9716     16.53555679321289
259.8565     17.30442237854004
248.3703     16.15127944946289
347.568     16.919862747192383
277.4196     16.150897979736328
250.2991     16.535425186157227
348.6773     16.53574562072754
363.8445     18.84328269958496
263.3246     16.150774002075195
360.0549     15.76672077178955
246.8851     17.3048152923584
