281.8879     16.535539627075195
432.9363     21.91997528076172
353.2598     17.689502716064453
372.9539     16.920507431030273
357.1585     16.53508758544922
365.5874     16.53563117980957
429.1073     16.920188903808594
418.8311     16.92040252685547
360.0917     16.150848388671875
465.1622     16.150741577148438
369.8565     16.920541763305664
552.1748     16.535539627075195
294.8563     17.304651260375977
341.9342     16.920001983642578
344.5657     16.920499801635742
356.8728     16.535293579101562
300.6343     16.535541534423828
362.1886     17.6894474029541
