571.9764     40.7672233581543
526.7964     45.76726531982422
419.8415     43.07502365112305
602.3768     40.76714324951172
573.5083     41.92097473144531
638.6908     41.53641891479492
422.0399     41.536441802978516
681.0527     41.536476135253906
515.9899     42.30559539794922
666.7474     40.76723098754883
604.2866     40.76709747314453
513.1369     41.92097854614258
633.5923     41.92119216918945
463.1052     51.15213394165039
528.1605     86.74185180664062
592.1608     54.744503021240234
538.6155     41.92093276977539
442.7235     40.767234802246094
