330.3915     0.3814324736595154
385.0744     0.7657621502876282
535.6877     1.1503958702087402
325.3675     0.7657621502876282
529.057     0.7657621502876282
255.4776     0.38122648000717163
323.0569     0.38117748498916626
299.746     1.1502594947814941
322.729     0.7657719254493713
229.8074     0.765752375125885
332.7198     0.3811480402946472
218.0079     0.3811185956001282
334.9673     0.3817365765571594
385.3499     0.3805692791938782
331.8655     0.38111862540245056
303.5615     0.765752375125885
334.4642     0.7657621502876282
330.1165     1.150386095046997
