453.4213     54.229061126708984
578.2336     54.229156494140625
561.9297     49.61371612548828
734.9572     51.536720275878906
581.096     49.61357498168945
728.8059     51.8642463684082
542.2777     53.07502746582031
855.2162     50.382896423339844
503.0513     48.861995697021484
618.4806     53.075172424316406
485.9532     49.61357498168945
659.4985     49.613746643066406
586.7469     51.53664779663086
693.6101     49.998260498046875
649.2197     49.22905349731445
517.3356     51.15209197998047
445.5588     49.61362838745117
703.4347     51.513519287109375
