416.1767     25.382043838500977
435.0708     33.45929718017578
332.2997     24.228004455566406
474.2221     27.689922332763672
321.7634     28.07428550720215
446.7983     26.536033630371094
308.0222     27.689565658569336
540.7282     30.382583618164062
329.958     26.53554916381836
475.6501     29.997581481933594
482.4723     26.53628921508789
504.4829     26.151018142700195
417.4823     23.843416213989258
447.4263     25.766544342041016
428.2447     25.766626358032227
490.4753     29.228225708007812
432.7053     26.92060089111328
488.5671     28.843605041503906
