336.9076     0.7654299139976501
394.7045     4.227850437164307
239.344     0.7656840085983276
409.2808     0
256.4312     1.1503958702087402
497.1005     1.536221981048584
329.9339     1.533827304840088
281.3962     1.150376319885254
329.86     1.15048348903656
239.1843     0
333.7579     1.9199817180633545
242.0585     1.5346901416778564
332.1974     0.3811480402946472
392.8982     0.3812362849712372
331.8216     0.3810303509235382
251.7108     0.7657621502876282
325.5029     0.3811284005641937
326.1824     1.1499676704406738
