670.8952     59.700077056884766
590.937     59.99861526489258
522.3114     56.92156219482422
692.983     58.0754280090332
775.0542     58.07551956176758
678.0566     57.3061408996582
644.369     57.30620193481445
620.5136     58.331871032714844
953.4358     61.56584930419922
708.1447     54.998435974121094
692.6946     59.614009857177734
507.2591     59.61394119262695
781.1337     56.5369758605957
614.2281     55.76769256591797
495.5649     58.710601806640625
719.3175     61.921783447265625
707.1515     59.229427337646484
732.861     58.20737075805664
