519.5093     32.689666748046875
426.592     33.459510803222656
428.2468     29.542606353759766
429.9964     28.074710845947266
352.1892     26.92046546936035
412.8903     31.15129852294922
320.3722     28.459325790405273
480.302     40.382442474365234
433.4633     24.997270584106445
430.2515     29.612838745117188
436.2496     29.997573852539062
456.7261     29.228260040283203
430.8701     29.997655868530273
424.313     30.382177352905273
407.7264     29.612770080566406
444.2435     29.61308479309082
409.2499     29.612943649291992
427.89     29.99745750427246
