414.263     17.689260482788086
276.8446     20.382030487060547
406.7795     16.535171508789062
362.5406     16.92037010192871
335.0069     16.535507202148438
284.1354     16.53548240661621
336.135     16.150741577148438
352.2196     16.920345306396484
338.3675     15.766148567199707
257.2343     16.15131187438965
346.974     16.53554916381836
363.5623     16.92017364501953
361.5387     17.304805755615234
292.6628     16.919723510742188
337.3705     16.535737991333008
338.2756     17.304609298706055
345.5447     16.535541534423828
342.2437     16.1510066986084
