685.1571     59.99861526489258
914.5857     64.61418914794922
709.8002     58.84465789794922
956.6582     60.383270263671875
749.0328     59.998558044433594
818.0761     58.07546615600586
873.5333     58.84470748901367
677.7069     59.614044189453125
860.5439     58.84464645385742
494.8335     58.84475326538086
906.3001     60.76786804199219
814.6312     59.61392593383789
542.0306     58.84477233886719
889.2731     59.22929382324219
1179.6133     58.46010971069336
797.8984     59.614017486572266
870.6045     59.99866485595703
799.6146     58.844669342041016
