470.1411     29.228469848632812
480.8557     33.843692779541016
367.4224     31.15141487121582
634.7987     28.074420928955078
452.4611     30.76681137084961
352.3491     28.459228515625
479.3016     30.38199806213379
357.3381     31.151485443115234
531.4141     27.689651489257812
433.4233     31.920772552490234
340.419     28.459228515625
447.6999     31.151281356811523
423.2242     29.612939834594727
333.2893     29.22819709777832
455.1176     30.76681137084961
493.6077     28.074506759643555
348.1556     32.689849853515625
600.3801     28.844070434570312
