376.0986     16.535812377929688
340.6706     21.920366287231445
359.1268     16.53535270690918
351.8551     16.92009162902832
354.3895     16.53587532043457
355.9491     16.535114288330078
383.8738     16.151031494140625
348.4274     16.150922775268555
290.1444     16.535390853881836
370.0313     17.30483055114746
384.2723     16.535728454589844
383.801     16.535730361938477
290.2108     16.92017364501953
363.0753     17.30479621887207
355.3395     17.304471969604492
357.7879     16.535696029663086
297.072     16.535367965698242
371.5177     16.920278549194336
