962.248     66.92186737060547
1003.6718     71.92208862304688
979.3802     67.30655670166016
835.9198     68.07581329345703
1006.9563     67.30658721923828
1012.1144     68.0758285522461
937.7115     65.76799774169922
949.3016     65.76801300048828
828.9009     66.53730010986328
907.2175     67.6911849975586
828.1435     66.92192077636719
852.4986     68.0757827758789
946.3556     66.92195129394531
1074.5625     67.3065185546875
1024.9639     66.92191314697266
624.9322     67.30659484863281
851.3062     66.15264129638672
1209.8998     67.30657958984375
