534.0825     34.613094329833984
506.3757     40.52821731567383
453.6499     35.76702117919922
480.674     33.45917510986328
509.1417     35.76700210571289
475.5277     34.61310577392578
591.8491     36.53642654418945
421.8352     33.843875885009766
586.9875     31.535980224609375
481.0339     34.69907760620117
547.2169     34.99771499633789
510.0732     36.5362434387207
648.3206     39.228782653808594
493.1249     39.550010681152344
689.9315     36.92087173461914
707.7752     34.61308670043945
528.9978     33.074832916259766
670.4044     35.38214111328125
