413.4999     26.92082405090332
450.4129     31.15107536315918
331.7717     25.382396697998047
499.9177     27.689380645751953
296.9497     25.766647338867188
403.6765     25.382015228271484
289.4132     26.53598976135254
531.0202     25.76654624938965
307.4803     28.07453155517578
508.9551     27.30525016784668
395.5192     32.68974304199219
319.9529     28.074804306030273
445.5605     27.30491828918457
315.4059     28.843894958496094
435.1896     26.53589630126953
467.2325     26.920141220092773
435.5439     28.843873977661133
415.445     28.0743465423584
