1285.5171     72.79318237304688
680.2642     74.99910736083984
1147.0841     74.25284576416016
1028.9071     73.46061706542969
827.7471     73.84524536132812
1160.2489     72.3067398071289
661.5156     72.30667877197266
1194.9348     74.2298812866211
754.7753     73.10511779785156
1163.7741     72.69135284423828
834.6254     73.46061706542969
935.2329     73.07597351074219
955.9645     72.69136810302734
729.1164     73.07597351074219
968.7094     76.15301513671875
846.5198     72.69135284423828
763.0502     73.07598876953125
1032.8349     72.69136810302734
