682.7783     41.53631591796875
669.4156     46.92121124267578
757.9462     41.53642272949219
583.6482     40.7670783996582
684.4667     41.92106246948242
563.3927     51.1522102355957
549.1431     47.30582046508789
430.2145     40.76717758178711
729.0865     41.92106628417969
440.0578     40.7670783996582
672.8309     41.53646469116211
520.3024     41.151817321777344
800.5812     41.1518440246582
572.9605     41.151729583740234
855.7714     41.15177917480469
781.4745     41.15178298950195
556.1154     40.76725769042969
695.3071     41.15164566040039
