315.1624     32.68966293334961
433.0982     34.228790283203125
420.2168     30.766422271728516
336.7227     29.613296508789062
548.7689     29.542688369750977
339.9783     31.15147590637207
423.3856     27.6900577545166
325.8294     32.3050651550293
584.7564     36.53645324707031
415.6641     24.99723243713379
334.9834     30.766620635986328
419.7674     29.228357315063477
398.4658     29.997650146484375
395.3888     30.382186889648438
318.2819     29.99750518798828
410.6776     31.536041259765625
297.9863     29.22838592529297
473.3223     30.38206672668457
