828.1307     49.998355865478516
714.3516     58.07542419433594
688.1275     48.84430694580078
653.2379     51.53691482543945
609.8801     52.305885314941406
932.2204     48.07527542114258
696.1245     51.892250061035156
653.1616     51.53662872314453
587.3047     48.861881256103516
568.8861     51.53681182861328
440.2828     51.53669738769531
620.0822     48.86184310913086
701.7029     50.7675666809082
729.0535     53.07522201538086
403.4053     49.24064636230469
644.6486     51.537025451660156
631.4807     51.53651809692383
389.4443     49.240657806396484
