1320.6678     79.85002136230469
1206.9311     92.80278778076172
1241.1482     100
1307.061     100
1168.8829     81.81757354736328
1695.2508     78.16824340820312
1216.1892     80.38395690917969
1598.3739     76.53759002685547
1124.8563     78.98477172851562
1571.2612     79.61467742919922
1143.5432     77.27193450927734
1124.9731     78.73062896728516
1187.9563     79.54471588134766
1077.5587     77.2380142211914
1042.154     79.23004150390625
1116.3948     78.40833282470703
1107.588     77.98430633544922
1233.358     79.61467742919922
