465.8786     34.641258239746094
460.8498     33.843841552734375
324.3562     29.228532791137695
437.4581     30.381855010986328
355.711     30.766817092895508
545.2519     29.61323356628418
325.3657     30.381799697875977
552.3649     30.76683807373047
364.52     29.61294937133789
532.7016     30.76693344116211
472.6108     29.997547149658203
412.0953     30.382183074951172
316.3898     29.9975528717041
443.8549     29.61288833618164
431.0678     29.228574752807617
472.3474     30.3819580078125
476.1463     31.920696258544922
432.1153     29.613142013549805
