664.8987     59.32699966430664
749.4782     60.38314437866211
792.4073     58.4600830078125
498.5783     59.22935104370117
649.497     58.07548141479492
516.6743     56.15224838256836
698.9229     58.84476852416992
496.1137     58.84469985961914
518.0072     58.07542037963867
750.5063     55.76771926879883
640.2257     59.229312896728516
816.3198     59.613990783691406
620.8646     55.767662048339844
546.2008     57.69084930419922
825.7119     59.84706497192383
630.1775     57.69088363647461
619.619     54.229103088378906
854.5191     59.46828842163086
