496.8768     34.99769592285156
561.2822     35.76720428466797
492.6841     34.228336334228516
519.1788     32.3052978515625
478.6828     35.76728820800781
557.6588     35.38222885131836
396.0665     35.76699447631836
534.9     37.6899528503418
381.7256     38.07493591308594
650.9255     38.84412384033203
476.2393     39.61316680908203
468.538     44.99795913696289
468.7397     75.79329681396484
485.7819     56.50273513793945
484.4362     37.30561828613281
410.4028     39.770484924316406
524.4583     38.84406280517578
524.8733     38.45942306518555
