1110.9948     61.5370979309082
656.4617     66.15266418457031
907.1122     61.1524772644043
704.3285     62.306358337402344
867.1081     60.76789474487305
686.7952     61.15248107910156
1033.9262     62.49870300292969
659.6244     58.84474563598633
879.6037     62.69101333618164
902.3527     59.99863052368164
915.9142     61.152408599853516
1204.619     58.844696044921875
1206.8101     58.84479522705078
778.5051     61.15243911743164
1365.4211     61.53709411621094
1283.4305     56.92161178588867
781.1541     62.69102096557617
1136.5658     59.61391067504883
