591.7218     40.76708984375
513.0507     45.76738739013672
745.296     42.69032287597656
690.7143     41.92102813720703
401.8661     41.92107009887695
418.6716     41.53634262084961
579.9415     40.767276763916016
423.9735     41.536468505859375
719.7897     41.15179443359375
486.8346     40.38241958618164
605.1867     41.536434173583984
573.0041     41.53639602661133
490.1657     40.76708984375
498.9782     41.536521911621094
534.704     41.536373138427734
608.1762     41.536376953125
454.622     41.53645706176758
530.9512     41.15191650390625
