1088.3526     66.15265655517578
944.9213     73.07600402832031
1047.0341     66.9218978881836
845.272     67.90930938720703
837.0006     66.15267181396484
967.4069     66.92195129394531
689.0832     66.92188262939453
874.975     67.30656433105469
783.6862     66.92192077636719
867.7511     66.92191314697266
911.5939     67.69120788574219
737.8975     69.48419952392578
796.2873     68.18069458007812
914.6021     66.92194366455078
697.0396     66.92191314697266
884.6253     67.3066177368164
755.2204     93.38212585449219
995.1109     99.63480377197266
