498.6856     50.38285827636719
632.1738     53.4599494934082
513.1948     53.45991134643555
698.2502     50.37700271606445
618.8157     50.76758575439453
414.4156     63.84490966796875
794.1519     51.15203857421875
558.6162     52.306026458740234
700.1457     49.6136474609375
692.4584     49.6136474609375
786.2099     52.30598449707031
504.0036     49.61363220214844
598.3201     49.61363220214844
593.5184     52.69063186645508
619.3056     49.22898864746094
594.4935     50.38298797607422
604.5137     51.53668212890625
587.0961     49.99830627441406
