1728.0633     71.9687271118164
1055.0984     78.0761489868164
824.2772     74.2298812866211
974.5952     73.84523010253906
924.9683     73.07598876953125
1116.5446     73.48394012451172
573.5295     73.07596588134766
1031.3018     73.07598114013672
884.9852     73.46062469482422
585.5774     73.07598114013672
1186.5518     72.69136047363281
844.5129     71.5374755859375
1042.4305     73.13336181640625
1046.9041     72.69136047363281
771.3119     74.61448669433594
1069.5477     73.07600402832031
1064.5075     73.07600402832031
1058.6122     72.30668640136719
