744.208     56.53700256347656
1046.0473     62.690895080566406
646.6254     60.98349380493164
990.0723     56.816707611083984
1197.8159     57.30619812011719
694.2566     59.46824264526367
898.3586     59.229339599609375
535.8913     57.690948486328125
769.9493     60.38312911987305
640.6551     59.61396789550781
692.581     54.99863052368164
671.9885     60.76768493652344
834.2819     63.46025848388672
625.9584     56.15240478515625
702.4081     59.089393615722656
661.1587     60.76790237426758
457.6637     55.7676887512207
712.9112     58.07556915283203
