1187.5451     78.4080810546875
1135.2734     85.66127014160156
1793.2996     76.9222640991211
1071.4377     81.43873596191406
768.856     76.53766632080078
1157.0694     76.13551330566406
1021.9995     80.281005859375
1307.4758     80.30233764648438
908.2166     79.99930572509766
874.9617     79.23004913330078
1255.909     78.02955627441406
890.7771     80.3839111328125
1077.0668     77.69154357910156
722.4765     81.15316772460938
775.8144     77.69153594970703
1272.1479     81.4387435913086
937.738     82.69170379638672
1310.7524     78.84542846679688
