860.8427     60.76786804199219
937.6219     64.99874114990234
802.2353     59.614044189453125
524.5238     59.613895416259766
883.0621     59.22935485839844
443.3669     59.22933578491211
933.0013     59.22933578491211
928.7139     59.99863815307617
634.274     59.61397933959961
797.338     59.847049713134766
810.5639     58.84475326538086
1131.4167     59.998626708984375
769.0589     60.98342514038086
969.9468     60.38323211669922
972.5499     59.998626708984375
743.8099     59.61399459838867
1002.5539     58.075435638427734
863.5126     59.613956451416016
