376.114     0.3810499608516693
338.6355     0.3811087906360626
532.7823     1.150473713874817
228.6839     0.765312671661377
249.1352     0
549.9407     1.1504249572753906
225.2072     0.381108820438385
330.2719     0.3811185956001282
249.7395     0.38115787506103516
329.4371     2.3038735389709473
383.5654     0.3815305531024933
245.398     0.38121670484542847
336.2443     0.381069540977478
236.7248     0.7657425999641418
342.6763     0.38178563117980957
224.325     0.7651270031929016
529.7494     0.3808046877384186
233.8828     1.150785207748413
