649.6093     66.53727722167969
851.9989     73.84525299072266
696.9734     65.76801300048828
716.0556     67.30655670166016
832.4994     66.53728485107422
772.0549     66.92192077636719
706.6152     66.53728485107422
810.5749     68.07581329345703
797.3461     66.53729248046875
657.1871     65.76805114746094
1089.0619     68.0757827758789
699.4198     66.92201232910156
968.7348     66.9218521118164
797.8723     66.15264892578125
1042.9715     65.38341522216797
764.779     66.15267944335938
838.09     66.92191314697266
890.0142     67.69120025634766
