266.059     0.765644907951355
339.323     3.4583590030670166
242.0231     0.7657425999641418
336.1351     0.381069540977478
242.0231     0.7657719254493713
355.8694     1.1503958702087402
256.7108     0.3812362849712372
254.8595     1.5345641374588013
330.7355     0.381501168012619
207.3646     0.3811185956001282
330.3182     1.1503958702087402
237.8682     0.7657621502876282
341.0103     2.3042774200439453
342.9888     0.3811284005641937
240.2238     0.3812068998813629
333.7924     0.7657230496406555
260.3032     0.3811087906360626
263.4008     0.7657621502876282
