855.8024     84.70096588134766
1078.1292     98.28760528564453
1723.1931     93.9200210571289
859.4263     74.9991226196289
884.5731     74.2415542602539
826.8579     95.94580078125
1046.0921     91.15354919433594
1234.3292     74.22985076904297
810.908     79.54475402832031
1284.2116     87.68614196777344
818.8176     97.01481628417969
1106.3671     92.4239730834961
909.892     73.07600402832031
923.5563     72.69132995605469
969.4388     71.92211151123047
1052.1074     73.16082763671875
1159.1031     73.1608657836914
830.3155     73.10507202148438
