256.4656     17.42136001586914
356.1741     20.766555786132812
286.7293     16.920074462890625
338.2332     16.53519630432129
343.4015     16.150907516479492
337.0372     16.53553009033203
338.9713     16.920198440551758
343.1794     16.1510066986084
362.7121     16.919984817504883
266.9876     16.920320510864258
345.6863     16.535869598388672
281.8185     16.5357608795166
351.3229     16.53531837463379
339.4665     16.53553009033203
333.9891     16.53531837463379
279.1186     16.920059204101562
423.9413     16.535629272460938
264.4918     17.689462661743164
