937.6461     80.20762634277344
1249.2268     83.4609603881836
1422.5218     80.38394165039062
1300.5395     78.845458984375
781.5699     97.76111602783203
1042.0304     99.62055969238281
1104.5006     88.91299438476562
1054.9298     80.20771026611328
888.2392     80.38390350341797
1431.2215     79.54469299316406
1084.3284     78.1242446899414
1016.582     79.99934387207031
1121.6652     78.7871322631836
795.1864     79.10375213623047
1150.7144     81.24932861328125
1118.0023     73.84521484375
1291.682     81.92245483398438
1034.279     79.54472351074219
