426.4479     17.688425064086914
280.645     20.382253646850586
423.7878     16.92017364501953
300.5247     16.92017364501953
426.6218     16.91973114013672
301.4884     16.53609848022461
383.5552     16.91981315612793
299.7138     16.920434951782227
431.1867     16.91973114013672
350.003     17.304807662963867
427.4067     16.15234375
367.4615     16.918766021728516
301.4786     16.1513614654541
368.282     17.689422607421875
309.0108     17.304805755615234
358.1983     18.073612213134766
321.2166     16.92049217224121
355.0581     16.535226821899414
