399.9099     30.766925811767578
410.5426     31.815683364868164
377.82     29.612960815429688
545.3314     26.53596305847168
286.934     32.305198669433594
476.2574     28.843969345092773
337.8714     30.381872177124023
506.5314     33.844146728515625
324.4655     29.16381072998047
450.1579     31.151647567749023
449.583     27.306241989135742
285.3251     33.8426628112793
404.9341     27.3055362701416
335.9562     30.766605377197266
413.8238     29.61298942565918
381.6524     29.163957595825195
430.2472     31.15180778503418
327.1785     27.68985939025879
