322.8324     28.074533462524414
317.0235     36.535945892333984
382.894     29.613304138183594
416.8786     29.921417236328125
341.8092     29.613143920898438
463.1217     29.474918365478516
301.1411     29.613401412963867
584.6183     29.847864151000977
321.9974     30.767179489135742
512.6164     40.76708984375
405.3008     19.99706268310547
325.2751     30.766803741455078
396.0796     29.99746322631836
391.9615     29.997642517089844
353.0176     29.99747085571289
421.0625     29.612897872924805
446.5829     29.997581481933594
428.1     29.228309631347656
